x  y   expected x^y
0.6373378311753669 0.8925692758391124 0.6689388252228013
0.06055475955589429 0.7694172187919126 0.11560161989752284
0.45694135634563554 0.6874064995759052 0.5836948666588647
0.606014975422485 0.9450757809522197 0.6229171502052361
0.8055793738019914 0.6339825140317403 0.8719153592084472
0.147745131497531 0.624418357688539 0.3029903404402727
0.040938324899207096 0.7015066646720494 0.1062673848923592
0.72003857722502 0.7302070901637137 0.7867561895868507
0.87637478859815 0.3185454457550965 0.9588355348562229
0.4792173867122172 0.9999469623147522 0.4792360835380122
0.3467847065288344 0.3669826205794866 0.6779692402491408
0.728918364024322 0.732761112814784 0.793188541898554
0.7051779358434905 0.41523361021044636 0.8649849035964734
0.29306427393629586 0.9861221134850252 0.2980988547734185
0.471843515542814 0.11816742791501131 0.9150683778130978
0.7817207184551404 0.6116375296061747 0.8601740937852379
0.7975386461483299 0.3823540140146948 0.9171373540653697
0.11710468542925498 0.8060572947630511 0.17750782280553437
0.2563467429034257 0.88663500651176 0.2991204020750629
0.9833701672775791 0.6036675291197277 0.9899277684460298
0.1561606964313103 0.4352115152105306 0.4456902503409827
0.9219262283589977 0.6806536544568046 0.9461724959894225
0.9808662957830268 0.9389221904892109 0.9820243713890504
0.038830642325411203 0.6207328058060562 0.13312339206558516
0.4442166905168381 0.8806523471444236 0.4893883166702741
0.8046983393721474 0.16986364519876485 0.9637635459930366
0.6454742266695135 0.3251252771303565 0.8673349092110312
0.19251849720102054 0.7693191041167317 0.2815340942755625
0.09376601100645875 0.7593793601975826 0.16572671593722868
0.12537369251456523 0.867127041359251 0.16520774311400155
0.09226431238439729 0.39935629141516904 0.38608214411576913
0.6290428770415654 0.20887332382098853 0.9077153390745498
0.6996089119171046 0.8285656002950148 0.7437936492850907
0.4160718229288629 0.8576661981211209 0.47138257945951806
0.9783198700324656 0.5675362089533357 0.9876374545447231
0.6676507859549384 0.4563680921826318 0.8316295800219871
0.9898455456759163 0.8376051350293225 0.9914875363160565
0.6551959139488505 0.12867090154568475 0.9470487042750102
0.23578086846079355 0.836036941153664 0.2988092093831887
0.34168689790440504 0.19207942432070665 0.8136162188180317
0.9013865353167096 0.11685582452287889 0.9879411962347063
0.37154763734840035 0.28657551677653287 0.7529682852767546
0.3480008433609437 0.5685106441569613 0.5487613540455435
0.43817996662268155 0.1005131696127943 0.9204100640970706
0.6441992913954716 0.669517992962894 0.7449645661382234
0.7227675147148052 0.27175010892059664 0.9155516737026229
0.42066033062282604 0.5233081039923609 0.6356240732840251
0.4710040587082469 0.8258844939553405 0.5369775488543013
0.15410265520090333 0.8612874881266654 0.19974274771197753
0.42928268625659965 0.26614920817733523 0.7984632635673808
0.2868209078248505 0.01746096009617842 0.9784291070198872
0.7672812621045586 0.6381355940342672 0.8444723424751429
0.8044254192989797 0.7345474624753702 0.8522653335905201
0.6499280887225478 0.8646170161792889 0.6889697592128474
0.37718062124927265 0.842620066183469 0.43973598156461063
0.8867797900355319 0.42888230125290683 0.9497714586822006
0.2872150886319798 0.3431919505397141 0.6517200615513313
0.12771655558375228 0.41433913069784656 0.4262684999927533
0.004390322763717475 0.841132428556124 0.010399855695194445
0.409260338124454 0.44651898868714723 0.6710432003005117
0.6389892675374682 0.24955727213616952 0.8942511439275492
0.28120652273989194 0.23753458395074922 0.739817287358337
0.1343151617112584 0.9370154885376268 0.15241919295568118
0.897601218708279 0.6648707267579665 0.9306932162403773
0.48498882483182876 0.2199730990879415 0.852843679219664
0.292228165689944 0.05733910182363757 0.9318907125817778
0.5959875835129488 0.7172330036720678 0.6899104297021575
0.7331335033186572 0.4470205684715244 0.8704304147744382
0.8958041200323578 0.822137153468246 0.9135084680037272
0.7113363133653517 0.47840076861021696 0.8496353171812275
0.5961089594640762 0.23136435253939944 0.8871935265756115
0.24179923768238293 0.8498849632965718 0.2992317093964239
0.34912315386324444 0.7240642453476647 0.46675306952463663
0.01045987904172922 0.891436160105733 0.017160678408948814
0.09437033482168956 0.67492460607157 0.20327840804344458
0.0004168794892847951 0.755121091607796 0.002803487734498494
0.0028970209665964753 0.7213135543490873 0.01476628733823271
0.05825862444708286 0.9900004574718679 0.05993852607124133
0.021249642262101673 0.9028430938683238 0.03089306259967486
0.002102791956964596 0.7902363439241358 0.007662603292038123
0.0011429081611961935 0.9289970842300104 0.0018488475723310047
0.00039869896638487914 0.9072014871042322 0.0008243282592503798
0.0010012341192143061 0.9502474720070194 0.0014117785373132226
0.002232461806686725 0.9101201193279723 0.003864337166859906
0.0006978894641055034 0.8716094902178096 0.0017742486520138294
0.003766598100517887 0.9961292883072123 0.00384885973706313
0.001819911274262951 0.9904959130616323 0.0019323728918816915
