x   expected
0.5741053823166696 0.8396784907564159
0.09828281353999405 0.9951741307864699
0.17511694535606864 0.9847061710331679
0.049120482544170375 0.9987938316490164
0.11111759468974987 0.9938327896017615
0.5980431017005913 0.8264389818097904
0.5255717998521114 0.8650372066555883
0.8910986207905448 0.6285579397279153
0.9574402258176887 0.5756150502316109
0.8292093406817032 0.6754590013786752
0.8567167130083357 0.6549221616959169
0.818764160561849 0.6831242649311664
0.3611026187231314 0.9355078306746848
0.3572821247356717 0.9368508032633693
0.4423624894072058 0.9037428618122215
0.976491654844716 0.5599327841667978
0.5646374829390804 0.8447826422897589
0.3606535185916654 0.9356664060790466
0.07439899736771967 0.997233670966432
0.7978748760181376 0.6982296056159287
0.12840871546204727 0.9917669230249249
0.18854721029350077 0.9822775709714868
0.9971172734918171 0.5427257882374155
0.9608974652012306 0.5727845592764188
0.4226050347491695 0.9120236131610785
0.00021485384265991473 0.9999999769189133
0.7899204152471577 0.7039018467128083
0.0936655682960996 0.9956165867916932
0.37661209765556697 0.92991594595391
0.5831133267647812 0.8347524212505102
0.14592337920068363 0.9893720627463448
0.3571876877922021 0.9368838264504132
0.7245830225563589 0.7487758694089549
0.6019897268998335 0.8242104975761589
0.6635775658319012 0.7877937147348796
0.4238813900401862 0.9114993890049744
0.7944918358778102 0.700647435480055
0.31510701559050547 0.9507632182770797
0.6939764945657586 0.7687087373625737
0.17338397405133898 0.9850066162246652
0.41018731447006307 0.9170461414326316
0.2663153860916194 0.9647471542511092
0.12599480780809208 0.992073148891056
0.08253103109829182 0.9965962471297484
0.33050649707301494 0.945878095341481
0.7117902246040649 0.75719373252095
0.11867935149891579 0.9929658677701951
0.39732999824765525 0.922097457345648
0.531772359970188 0.8619097287760463
0.6518323612891244 0.7949735425826562
0.5428084510951982 0.8562613749306661
0.01748404062092325 0.999847158055385
0.6070566887455231 0.8213305923175288
0.808542238612076 0.6905535378388685
0.43323762719215847 0.9076113157974625
0.15065175089824068 0.9886734715011637
0.7203496713498263 0.7515751152556278
0.42085086509407155 0.9127416606927975
0.2613604346100811 0.966039342673414
0.4825147371959021 0.8858308661006773
0.05239559508499019 0.9986276648067437
0.8695157965514677 0.6451965623419093
0.5893441085323069 0.8313054127892033
0.6742454647067616 0.7811782359304281
0.8367888137956753 0.6698505681048912
0.3474435722722855 0.9402462358050793
0.7526922167913913 0.7298511001249633
0.24217027701225363 0.9708198071613958
0.6812111446389365 0.7768105893375754
0.6373173758871095 0.8036949207257281
0.10182303659961274 0.9948205119773965
0.07301131783454784 0.9973358575176867
0.6300915446318764 0.8079735718864347
0.7807969506090229 0.710352833348819
0.2573707632856127 0.967062562711531
0.4084737794408466 0.9177281201847446
0.7808920640540047 0.710285884940939
0.5124836167637704 0.8715293720017849
0.47027675114984085 0.8914429172535613
0.6024304059939428 0.8239608682336627
0.8129745902699362 0.6873409281440179
0.29427825160015414 0.9570117341153584
0.8682083099752869 0.6461949520436765
0.43919076662592116 0.9050960513706002
0.8970322334077776 0.6239319588353323
0.8783062507276378 0.638455668064613
0.7641959617005092 0.7219389504685193
0.9721237385427599 0.5635464160694653
0.7089720810243362 0.7590315075255757
0.5122574084607012 0.8716402694289233
0.7876394173418372 0.7055202006754616
0.8338876592725912 0.6720018415662156
