x   expected cos(x)
-8.732933394717258e+18 -0.6890674880238332
-15469032833.325447 -0.1537777898674706
-490521850330001.5 -0.8441243000316088
264871105909810.47 -0.10978281860043929
-1.1013855100654086e+17 0.9730045626208179
9270.2942489655 -0.8547788359956919
-9.7421759506695e+30 -0.793782199556498
-2.970803112941886e+20 -0.0842744312743715
-2.7405003448825702e+35 -0.905420773130519
1.7140386996819899e+25 -0.04370191359718148
9.35646034112004e+22 0.9133574639631229
-6.500415352356612e+29 -0.28639390713148927
-3.554359063670222e+56 -0.9921133490505328
1.7380947719495482e+48 -0.35328403139747583
-2.6450152492574143e+46 0.9538683571172785
7.434302144121462e+39 -0.8767538861533
-1.9021322773383125e+55 0.9900497870498198
5.168254059707646e+47 -0.7989953557404825
-2.397582342041263e+68 -0.012259189893409279
4.180450651496734e+76 -0.6321375596000329
-8.41092872275359e+60 0.7737474898352668
-4.63825487102347e+63 0.5798794921726594
-3.4478107517840686e+75 -0.5717826201694085
-5.086261416556016e+60 -0.02699557279292307
-2.244213030019969e+94 0.10744606485912842
3.444873800824858e+81 0.9985579074206341
-4.434198478584346e+83 -0.9454105065149983
-3.388754722093239e+95 0.9885075408910144
3.2413260718008525e+85 0.36307244825246243
5.328839087607655e+85 0.5421907342057001
-1.4044251770038363e+102 0.15589371490700302
-5.477890575381956e+104 -0.973359063276956
-3.74411631025147e+101 0.9389269144932421
1.0050168301461461e+113 -0.4733657207164935
-4.718256358424498e+102 0.4402934599610504
-2.9607480509265106e+97 -0.8950574719321102
4.108521823621853e+126 0.1600250978482066
-1.9281690364028367e+128 -0.5829806234927571
8.789054869809072e+120 0.9719164431834523
7.011127385772302e+121 0.8324093375905617
-5.930828993729844e+127 0.5552613985070485
9.136188796095962e+119 0.9242053310850599
-5.647229055678802e+153 -0.9055513933482409
1.3651631867301532e+142 -0.999494477078348
1.8289571300458927e+151 -0.43419071119623237
1.4243817891776973e+139 0.8567173598959711
1.1853372834632754e+144 0.7307039823778102
1.42280474789348e+139 0.5736495924176936
-2.5168263942059064e+160 0.7293695404256247
9.8250637238628e+169 0.6434553349448334
9.974672218989654e+167 -0.2315059931439658
2.784774375094837e+164 0.8653236050337435
1.8159689009899774e+163 0.8819094540922409
8.231785955343032e+157 0.4035006115757731
1.9213033715081062e+190 0.9836899314299152
9.879004833418536e+175 0.3191814765426788
6.172515785825853e+187 -0.9870234969976887
-3.5016249289689234e+183 0.7461984705548669
5.0221268292100184e+190 -0.4213711002531437
6.49168231043277e+173 0.524942935911539
-8.814697626437159e+200 0.19592007834584219
6.638826774953369e+205 -0.9330962714384633
-8.530353250769076e+205 0.7664795459979439
9.684313640264007e+194 -0.06734909136837224
-1.1590386275336865e+197 0.519044944854374
-6.43732409914468e+192 -0.009100054506636361
-2.7226674117520872e+216 0.9425955409993129
1.4315178031860993e+231 -0.06892877713394793
-1.0375969510739335e+231 -0.8266401121839625
-1.4178188151997005e+220 0.12245504199856054
-5.5897623997926946e+221 0.01394216006520458
-5.056097512842304e+224 -0.15263898744740959
-4.034397113369297e+245 0.9760359656270815
-7.010573105408955e+245 -0.995252319434821
2.5731979575498783e+246 0.9097865177850262
6.007174210702918e+247 -0.6611142414064888
2.580891228467253e+249 -0.8969677086679878
1.9157304079869856e+240 -0.3189548265186757
1.7632182055667028e+237 0.13510618334637026
2.59982204335663e+267 -0.8758487708672701
-1.8842925506733945e+256 -0.7532611739117512
-3.066915835230004e+269 -0.25692370631087574
9.858333821481798e+262 -0.1847272653048146
-1.593477911885184e+262 0.8711378555091887
-5.404215770761115e+251 0.7404480129985791
-3.316412086397101e+266 0.9976548508738626
5.377880108647356e+278 -0.0048444000718646804
4.367107827524367e+282 -0.1681856747877804
3.613538307101094e+287 -0.999545983367765
2.3589431470803276e+280 -0.33312946999959947
-7.998755982246463e+279 0.5884627034911591
2.5216352946339116e+283 -0.4687404688929974
4.086092694911436e+270 0.7082135964811034
3.240762108118172e+302 0.06951451523828267
1.32528405859209e+295 -0.45950092081130467
-1.251212817527242e+307 0.9055628110529457
8.887867840093985e+305 -0.5272917248230499
1.4599716589221283e+301 0.5812418682238428
-2.5978802544267764e+298 0.8275877488817134
1.1893012816233265e+304 -0.9975652916003793
