x   expected cbrt(x)
2.7267307502774755e+237 1.3970568699506912e+79
121115538198561.3 49476.612180161464
4.9952184663268543e+33 170943068565.6193
1.5440468999898213e+119 5.364799503900765e+39
374097219225180.6 72054.56378511428
-2.104300389526182e+130 -2.760806138149714e+43
3.892654623697072e+263 7.301553821801613e+87
1.1193990631255547e+190 2.236977656956653e+63
2.857208204752398e+279 1.4189942300582024e+93
2.6615926261801397e+290 6.43251086179745e+96
2.3114318731398756e+48 1.322189485577236e+16
5.688909866882833e+119 8.28596353412038e+39
-2.504620187362433e+296 -6.303483575517171e+98
5.2451117358993096e+32 80646386858.65254
-9.782124302302921e+226 -4.607631362608721e+75
-9.890348763532954e+157 -4.624561246097411e+52
3.106315981007896e+188 6.77249267004755e+62
2.671610833697374e+273 1.3875790430760066e+91
1.0455603482463979e+113 4.711035406368108e+37
-7.092473107619955e+235 -4.1393539696165e+78
-2.892381481714766e+199 -3.0696240637590984e+66
-9.7420972179723e+182 -9.913282588739451e+60
2.8731016575614286e+22 30627884.281113997
8.825792872882986e+20 9592193.042697303
1.9290406669167408e+251 5.778038896513494e+83
-2.2066772555920224e+191 -6.0429120422084246e+63
2.842005400871147e+166 3.0516985614993727e+55
5.111146836457735e+205 3.711129584975324e+68
-1.0575655344440207e+147 -1.0188316541846407e+49
1.569293329031925e+274 2.5036178706961164e+91
22313.85468181238 28.153012088709986
-2.3336433958929173e+229 -2.8576661955532446e+76
2.944077906250411e+163 3.0878042884985405e+54
1.1737840322805076e+178 2.2726334734453347e+59
8.778989349166893e+289 4.444417415470499e+96
-3397520.6527898116 -150.3328999382379
5.020473555207407e+69 1.7123067207466163e+23
8.313139923293374e+172 4.364371356347493e+57
3.478834182835932e+113 7.03306411016151e+37
2.6427599374765203e+36 1382566102912.3123
-1.19227778692757e+57 -1.0603741965117897e+19
1.5457196086942942e+100 2.4910182277212302e+33
9.03830343991618e+198 2.083030549070995e+66
-2.864262632269678e+76 -3.059644337701721e+25
2.079204917713531e+90 1.2763381910911736e+30
2.7109199894205142e+306 1.394351387927329e+102
1.3673539473428986e+246 1.1099250408875059e+82
3.5156780952524823e+235 3.2759432344026632e+78
7.53776905793153e+255 1.9607141172933087e+85
-8.065070308567734e+175 -4.320520325659467e+58
7.19398572567672e+187 4.159008972060653e+62
3.9439619918265185e+124 3.403906119648365e+41
2.3331779158462346e+18 1326322.9536415047
1.1581707788705555e+194 4.874434075171944e+64
-3.099322220502138e+104 -6.767406174919735e+34
5.716454056251273e+260 8.299314820417184e+86
3.7802306866901524e+264 1.5577799187805026e+88
-8.301934891462431e+74 -9.398526587931362e+24
-1.120118785828552e+212 -4.820454933484483e+70
-5.012168688541961e+124 -3.687017732837786e+41
-8.050569810080682e+240 -2.00420530235868e+80
-2.645502099939493e+258 -1.383044127205282e+86
-7.820193294751891e+58 -4.276342643558969e+19
3.468938094668473e+213 1.5137895976329076e+71
150.90350192113385 5.323939432400553
-3.7003313001489646e+272 -7.17926861790538e+90
3.2617181810678115e+161 6.883597657755454e+53
7.372665058842681e+248 9.033890762125262e+82
-1.3747946694986147e+136 -2.395590671123199e+45
-1.10292115541798e+64 -2.2259470145652497e+21
-2.2772348636373545e+62 -6.106644076321893e+20
-1.2209166017197811e+131 -4.960917442316812e+43
-5.863262743692372e+295 -3.884899473530768e+98
1.6464245614995711e+181 2.5439814804708695e+60
-1053825217649.6873 -10176.291268086023
-2.4054386932752104e+304 -2.8866763726616845e+101
1.3498868154303572e+287 5.129784470918401e+95
5.923752867271686e+129 1.8093905202771838e+43
1.6578198054921285e+274 2.5498371319749712e+91
-1.5877281023928142e+292 -2.513383215911629e+97
7.509783725793422e+68 9.089551960754575e+22
3.1747818015461933e+224 6.8218886660034e+74
-7.501109517037072e+87 -1.9575303405438032e+29
4.187083252358954e+291 1.6117729594069193e+97
-7.637369657653842e+117 -1.9693123470790936e+39
4.21283442281309e+67 3.4795637424931394e+22
-5.548612430261131e+197 -8.217280842892688e+65
-1.2542964495643837e+177 -1.0784501230060575e+59
-2.5455310425790777e+196 -2.9416621952458753e+65
5.0932433374430826 1.7205401378967153
9.575340004293732e+166 4.574932962764014e+55
6.746187734228149e+272 8.770401476570745e+90
2.1444600016995398e+306 1.2895533581247816e+102
-3.2079681418703733e+137 -6.845576302261285e+45
6.09768464019179e+252 1.8269289309337862e+84
-1.7383718092680706e+22 -25904838.565056883
-1.3447606836007798e+80 -5.1232828621819824e+26
