x   expected sin(x)
0.10166555163379017 0.10149050822170091
0.768116758943414 0.6947820061233831
0.858207492755734 0.7566718471285385
0.7171697843571414 0.6572542616034812
0.024582585948616655 0.02458011013283963
0.907322992577542 0.7878579107896884
0.8635683444034931 0.7601658547121927
0.9780171054058284 0.8293912215152424
0.15697245196670342 0.1563286030015414
0.27757910577444433 0.27402822745331035
0.6196745961608875 0.580770290605384
0.14491709469398378 0.14441039392412003
0.40803684820538255 0.3968081136387596
0.6785840430536028 0.6276913845497583
0.6180210213052301 0.5794233756926563
0.0832136305778166 0.0831176282428321
0.5144932577314304 0.4920937717081154
0.04606682126860649 0.0460505295310643
0.784182498390718 0.7062466539325876
0.7255727607052465 0.6635640449243234
0.3766666882942916 0.36782288580429484
0.3253002517665161 0.31959330526434937
0.3847125333993447 0.37529269763868855
0.18572008620418246 0.18465428461018527
0.9402614902610879 0.8077122966187453
0.9835326183071046 0.8324599323996581
0.8596298320065819 0.7576009995109323
0.864538626110604 0.7607959170233911
0.05011898506519468 0.05009800528145554
0.16639741261955784 0.1656306036269486
0.22308997764343486 0.22124407775971225
0.23525122811189303 0.2330873011036004
0.8145244398419167 0.7273993446399418
0.5985922427712694 0.5634800421021747
0.14711782461244208 0.1465877040683804
0.18262187972048308 0.18160847494973012
0.9872079368291979 0.8344907451721039
0.8350934912522484 0.7413592577297513
0.3881946068236111 0.37851797192347625
0.40011689142103196 0.3895260037764223
0.5633079609418065 0.5339859733465353
0.9375216869049142 0.8060939424915246
0.872068840973019 0.7656613439525911
0.6020243206243826 0.5663120592447941
0.44286756013885287 0.42853214008752966
0.18173118813434244 0.1807325228252107
0.5571533737041338 0.5287722303257079
0.24752395377981387 0.24500413137411434
0.3581827402121975 0.3505728848671093
0.1639377381297716 0.16320440390938645
0.844161923240587 0.7474145918005565
0.8943317343518107 0.7797908942516928
0.14127917832933992 0.14080966297552977
0.4861593743435841 0.467233715330621
0.8742277948263696 0.767048292351663
0.2568405436634356 0.2540260069227534
0.6427452381215262 0.5993951321180411
0.6295923898834702 0.5888153488225435
0.4342325204147642 0.42071427308044207
0.46401005246206606 0.44753774540564595
0.05992369970500432 0.05988784330930932
0.9641534418529122 0.8215665774065603
0.8564703631011852 0.75553497959114
0.37090168952551034 0.36245595464830616
0.26002998964359225 0.25710953346755977
0.7788716182027783 0.7024767897513242
0.4691361252446303 0.4521159131481201
0.9653594717516681 0.8222535525747655
0.20156216627735518 0.20020011471717714
0.7405754633885844 0.6747127615759071
0.5938735841422267 0.5595755595040555
0.46170686576835535 0.4454769008605547
0.4397663983151203 0.4257281019332915
0.7823925409923276 0.7049782944858939
0.4408837944974502 0.4267389131543213
0.98165244299085 0.8314166842117822
0.38192749101786344 0.37270977202263306
0.6641139210437678 0.6163616201780924
0.9769854826607381 0.8288144454168889
0.4654502266548089 0.44882517827696206
0.053781548367691334 0.05375562533278313
0.84067187186062 0.7450914013574746
0.07665501771760859 0.07657996906176016
0.08921879889967851 0.08910048248092868
0.16495258409728866 0.16420555888908708
0.5546423640661134 0.5266393115731788
0.9167530432350587 0.7936303577346504
0.6917812155361569 0.6379099271000007
0.022919404534432832 0.022917397996690007
0.09102738609369514 0.09090172957148145
0.1630293109490515 0.16230808944985456
0.5670480523988174 0.537144453605627
0.09393611382805055 0.09379802615702464
0.40261368049689605 0.39182436860320385
0.8476376615384967 0.749719206708063
