x   expected tan(x)
0.5378163478609695 0.5964652256723544
0.01254580622715385 0.012546464493746948
0.5381034863272283 0.596854586306301
0.48196977333047497 0.5231170696577645
0.17786303496937098 0.17976265769014746
0.5382026660745285 0.5969891053536897
0.7402045463360689 0.9134646866099321
0.9727696756404199 1.4679033773414143
0.037168742284836784 0.03718586814541445
0.8879628470310589 1.229470098140894
0.8760845811774911 1.2000647366745034
0.4250379702288935 0.4526289009413906
0.8849825483697319 1.2220120952361402
0.14699121092220882 0.14805909219572097
0.01182250663333202 0.011823057481267246
0.33548103072219027 0.34866053125266344
0.6641135715979719 0.7827173964376808
0.17235401970304703 0.1740811896949779
0.6543327007933786 0.7670636496957349
0.11240320178816891 0.11287899180308758
0.3402391253076771 0.3540059478087265
0.41667193692308113 0.4425866865972862
0.2936987113822339 0.30244533819618546
0.6683942953592458 0.7896439410940918
0.33786009976687575 0.35133103002535465
0.3528527862489736 0.36826478175236765
0.35528510748576725 0.3710294537146219
0.5999693541113499 0.6840918197973084
0.9541387728290125 1.4106859009683306
0.5687494579514382 0.6392056482622475
0.11334967639324947 0.11383762877645869
0.416938021508942 0.44290493010908333
0.7658186386687862 0.9615881281158989
0.9374181971486318 1.3618384356181679
0.7782094102446272 0.9857248681880918
0.11127674694473184 0.11173832860376524
0.8315878176989727 1.0969251888258436
0.6970245183538791 0.8372146450997855
0.00855800107772578 0.008558210011417955
0.21440796416471253 0.21775502454937665
0.6516771434204256 0.7628541625880606
0.6612278531452589 0.7780742272566646
0.37646454181335337 0.3953190134735427
0.8127872601846953 1.056335252838579
0.026930869010668407 0.026937381632477244
0.4263375957939164 0.45419570714626833
0.41323091834955206 0.4384778723656124
0.060507305111100654 0.060581255192879914
0.2040276827364783 0.2069066702429372
0.25734138392562045 0.2631767873910312
0.8563361001847869 1.1529850178336498
0.009869557482703128 0.009869877953683999
0.6440708449307383 0.7508905933635509
0.5807817128881988 0.656286281272332
0.7232186735092621 0.882778673075174
0.05656971135650757 0.05663013221868161
0.6041877847518894 0.690302357605355
0.7762535311098056 0.9818759678285097
0.9254484703810574 1.3282160733978383
0.32190768460682595 0.3335079316020842
0.3354901539983739 0.34867076362485666
0.531179577112577 0.5875026336667118
0.5002935539567029 0.5466837150728905
0.08989809058090377 0.0901410514908278
0.24559909737557617 0.25065931373906103
0.1395330093569459 0.14044566170341805
0.4364724685160882 0.46647830063871654
0.2150505288442843 0.2184281521572545
0.9924856461832249 1.5319644458088377
0.16880663780432473 0.17042854731443766
0.6900849127340045 0.8254788688380068
0.2121705492192863 0.2154126548519376
0.49502769441631617 0.5398636547844877
0.37700400757484864 0.3959429185070654
0.41065509310943227 0.43541026953397677
0.09839836995203076 0.09871717690026043
0.09485310713792434 0.09513860264336281
0.11657413659414473 0.11710508546831361
0.8555680842731023 1.1511976036139742
0.22475386960710347 0.22861636112191347
0.5249016569621132 0.5790887530454948
0.7574510362123753 0.9456115849674808
0.6564937236718387 0.7705018943016378
0.6139465234139971 0.7048094920520874
0.18941383405523654 0.191712059583828
0.5286002381389155 0.5840382538724636
0.66486431349851 0.783928789818063
0.15171626126513188 0.15289113910096555
0.8288181357810483 1.0908413692506158
0.8614068100333552 1.1648661641926747
0.4706377565093064 0.5087684736637852
0.0022883794818139157 0.002288383476326469
0.6518206557013894 0.7630812161939647
0.27380486024195183 0.2808587674975487
0.04726519536859899 0.047300423643798474
0.23832980210451177 0.242947204499247
0.7170045184733208 0.8717820213374757
0.8646679000300359 1.172581606447251
0.689716155207195 0.8248590229212043
