x   expected tan(x)
-668905914690.927 0.2124477172755278
-1.2109015873345932e+16 -0.7883745760690178
-7888829.223630805 -1.7191043574174723
515443927.66751486 -0.15847240100126414
-1.4113424125304502e+17 1.2151703100653224
-1.4579427785188526e+19 -1.461683165355895
-1.3647462848963621e+29 0.6258181840432393
5.9004068572870596e+26 -0.23847569431799584
-7.401196637895599e+33 -0.4584009508144635
6.392167093746844e+27 -0.49575324635170814
-7.5122659657504895e+25 2.092550130250203
4.706040742687366e+30 -68.1275168064139
-1.6520714673138814e+53 -3.5499219353524767
-1.141427804381342e+55 -1.75377335613068
1.5251295735157676e+53 -0.3451268261051462
3.963230392078592e+44 0.7964682402363782
-2.518059254887049e+48 -1.012939346699184
2.6196346174639417e+51 -0.7343142261907956
-7.498946096538703e+64 -6.502117886106227
4.555785034142172e+59 -3.4168039224149496
-2.7600059714003843e+60 -0.20433098194456456
-8.8560299629081e+62 -0.2670226271515496
-1.7614423908031472e+74 0.11556882895249693
2.8728719702663005e+69 -2.885819215842711
-5.429214722689475e+77 4.701433875813662
5.071575838846577e+84 0.08062495277348009
-6.690706427649591e+80 -28.622300592252763
-1.487349412202289e+91 -0.23582907960856572
1.3000645741551139e+88 0.10195526003965279
-1.4481279929291722e+94 0.1612485856659893
6.491286411541589e+103 3.087308275987958
-2.3490986400037457e+114 2.412270633710644
6.365345894914359e+107 -1.4736299105207658
3.1940146247610605e+108 3.1670193307967587
-3.0754878650574385e+112 -1.003341366021831
4.002399678416554e+108 0.9014084788343797
3.4776261198508126e+118 -0.999628172372481
-1.0689226258838135e+133 0.8884306312561003
2.647542499907633e+128 -0.5944735384435456
7.48994457198328e+122 -2.144930524406477
-8.2178287556042e+129 -1.7196514779685752
7.847093557048401e+130 -5.389356860786986
2.007159455820554e+147 -0.6917407683600847
-5.292588227445251e+135 -0.5740638807181646
-2.511162248739599e+149 -126.34383392756213
4.963303542690736e+152 -0.7060131287691275
2.3620102435421932e+150 -0.2743256825001387
-7.979152979604532e+151 -1.654602937600316
8.934680271408277e+155 0.4823001725356637
1.299581393295472e+156 0.4498721880927946
-1.7725878041714107e+160 -2.480860932149304
-7.403388830490924e+167 5.5538844227104
-3.461476971120297e+159 0.35171905608369175
1.4846089997746275e+160 -0.030802973963998663
3.30489147531229e+179 -0.37436999262525544
-3.376529343289497e+179 -0.640697111845364
-8.363103702275451e+187 0.37341018993227537
5.9956525542241556e+184 0.2215662423777009
-2.089891106553145e+183 0.97367880180297
-1.7220078400618991e+187 -0.37272700490542965
-1.7830276134972953e+200 -4.667172322937518
-1.5994217995775905e+206 0.5727936882625528
-7.478882188348759e+206 1.3949632719339118
-2.001673686827358e+196 0.1656841345481458
1.1922858029520844e+204 0.4224615266182823
1.9912724229221253e+209 0.5572060048961694
-4.091461728286715e+228 -0.5518561869964349
1.1831792072706682e+228 -1.3062197836954927
1.1194433998241025e+214 -0.9515203746389315
-4.581499194621837e+215 -1.0841548867776551
2.6189718161711347e+225 -8.827713816435281
-1.9565868118183335e+217 -1.037739684850624
-7.05055865069693e+248 1.238297331925496
6.6727825526923176e+243 0.7742160442349719
7.108276144633599e+243 -0.1683702431118977
-1.0337775737963015e+235 1.1368642472408728
8.881638622110558e+245 -3.4080655924772474
-9.184104719795499e+243 -1.2793891534157713
-6.0423885790876256e+246 1.3936975927401902
-3.420716248096514e+258 -0.8470246771277838
1.5753648268257505e+264 1.0565128747257713
-2.551228221039499e+259 -1.7116388326848173
3.942620854080253e+252 -1.2319869259992648
5.668852849472122e+258 1.6515045027658388
3.7773798229481646e+261 -0.76990302159456
-2.233741696742069e+269 1.122032906686129
3.3425483722432896e+281 0.34554914562464994
-5.162344298043859e+285 3.12212162042167
-6.196678798382789e+283 3.318547610518233
-3.331365960600778e+288 0.01690135890417036
-3.8922483616296224e+284 0.6537585380550984
-9.311769184053669e+285 -1.4682336517283312
2.9857004112029256e+284 -0.7076436277283912
1.574928440559928e+302 -1.1321526284851589
2.65859752442519e+297 -7.814860584262862
5.813169738026384e+304 1.4812176928241945
-7.597318456974514e+293 0.5073225848732892
-4.137547690694791e+305 -2.6064168652698414
-2.3881433247489116e+302 0.8530703159048502
4.109141029536203e+302 0.7125231699523309
