x  y   expected x^y
7.518329378937035e-20 15.55208354062138 3.835673109724447e-298
1.0158109075116586 43547.424701837816 4.819747022187119e+296
0.9449905589804862 12050.991915696319 7.527237935083949e-297
0.5330453860464713 1028.210166966148 1.1380482040042234e-281
81290.66903438378 57.079096091233026 1.8225724699726686e+280
1.6674931548521093e+37 7.396663187269711 2.0848316200813866e+275
10.389682839532274 264.6872144430268 1.206780849658129e+269
1.7823713460613344e-09 29.075621591518956 4.1431830222270625e-255
0.349169980932467 547.4148371953308 7.105891419624943e-251
2.921900318441626 520.3828866220291 2.1100990591509875e+242
3.845468995362301e-70 3.461582637648983 5.17685206100832e-241
1.0017752625708922 311307.8434513136 6.330333006625392e+239
0.9761274072599841 21958.59007386871 3.78168919153923e-231
0.9623801709036063 13219.577160066448 7.078933693566073e-221
0.7415372004507709 1549.0558987212335 6.740146444992494e-202
6.2425558077412e-33 6.236137561657139 1.4704491563381353e-201
0.9719454959736096 15949.627185985246 7.818020803531428e-198
6.117752997006154e-35 5.6055159825348335 1.6451075443683198e-192
0.04068390824827851 130.28477703156696 6.744381391757102e-182
0.9627491854224046 10834.951264711091 2.3221504910303777e-179
1352.8662736244946 56.89895433993993 1.4626077920768019e+178
8036823685614.005 10.952926496206619 2.2307007165877275e+141
10.183741700230165 131.5800596528705 4.1736168346809386e+132
2.4454695699821426e-54 2.454677201592542 2.516141768293501e-132
1.174039192767081 1745.7405325789457 4.443556928936471e+121
0.9914928689663153 28708.507405816723 3.018637146205558e-107
1.0055787599569266 41896.56904560862 1.68246116763963e+101
1.0035555041164013 59218.15126845247 1.8997373474275967e+91
515883.87072503695 15.755805354201433 1.0135766468420862e+90
1.6352639852928696 393.00443943442707 8.729350313376267e+83
5.67730753785441e-54 1.528605320296933 4.0560081606889985e-82
1.0058733121974457 31191.732945684897 2.1354313962229996e+79
0.9983304860474183 106560.70320044315 4.703862014576906e-78
0.005994660157943729 32.51450383622348 5.5605469151362473e-73
0.9990347495290494 162533.27851208908 6.802445720443051e-69
1.2389602464784384 720.4610156953423 1.107155349865608e+67
0.7055505636824031 395.3279468213632 1.3150487017916746e-60
0.9904086044168872 13749.70870492531 2.813742220078042e-58
0.9956717439933854 29784.437738856497 7.790330305414887e-57
1.119682170053512 863.4897036216996 2.4707108823076632e+42
1.0001103534722915 682872.0840778198 5.314425782556567e+32
1.0060817859870637 9903.993041098847 1.202410035954632e+26
0.9946455235562999 10120.054024351273 2.5316172079044157e-24
6.593834553427293 27.37259162129423 2.641990277518131e+22
0.9993369633018945 45492.4360318628 7.869800125416295e-14
547648.0650318341 2.2339441410666945 6599209761157.325
1.0955553711802326 313.8355891098412 2745769406201.274
1.0002008827067166 134757.76921462957 569364575886.8792
0.9948622192160048 5054.575720789148 4.927232294882991e-12
2.1051570222019622e-11 1.0055292275148977 1.8375979849987582e-11
1.1307864835172552 199.1181632983659 42564619036.491844
0.5959802689343774 43.70835247904412 1.4988420370033632e-10
0.9996327300846918 56155.749649560625 1.0998349750331563e-09
0.9816162658662787 799.3125911145443 3.6218988487880546e-07
0.996566590931575 3965.2888135397534 1.194378956522845e-06
0.40251125288214606 14.346227649717271 2.138235783758987e-06
0.9998010685177241 64531.20803801858 2.6563278197015484e-06
0.9320320467218282 140.88900336691117 4.933353726493892e-05
1.0001175213674849 78961.08494549136 10711.459697423623
1.0000545099826177 97524.78567345014 203.55362578884817
1.0000384068407022 120745.20150311508 103.27059375689227
12.003431181497135 1.8206631294782036 92.26809620647187
3.005314224768121 2.6131020168329813 17.732706560960608
0.9983236584752914 1556.4815386519874 0.07343283989035156
0.9990131706137776 2594.2390951438138 0.07720157794574997
1.0000083104377635 203657.74356633896 5.432926670139622
0.9983811619141965 1011.6364914079511 0.1941735990694227
1.0017913326091947 783.8615106287059 4.066979267432592
0.8952787971676288 8.06655896855645 0.4097026640450719
0.9999916806673396 97331.15207403075 0.4449765919525011
0.999947964416488 14272.655887360965 0.47582492307076324
1.0001221151109996 3567.970833346501 1.5460086628623542
