x   expected sin(x)
648983.6230287058 -0.29949619478988954
2050274669362.9785 0.9815391763469637
2388.628345771557 0.8510223272222881
-839757334642599.2 0.5423726893899157
-4.212708428190634 0.8777356685468989
-9066270755.565962 -0.8368943609130053
4.0242080262453225e+23 0.4884146633852815
-5.343998247506454e+24 -0.32785435568863136
6.463557434523039e+34 -0.9946820445128352
-1.6577163218429205e+36 -0.9008092386112114
-2.0449904834994885e+19 -0.8720603871432718
-4.319480260388875e+32 0.8770248978798051
1.9097720714023632e+45 -0.11028535088251235
1.2299665300098192e+45 0.8893427343042798
2.176597600903473e+57 -0.9801856101700088
-9.239887649946522e+43 -0.12554942154792015
-9.484512463900635e+42 -0.7437899834249394
-9.936492209533109e+51 0.23013539924943308
1.2819814537634595e+69 0.4269705815633782
-4.979690554485821e+62 0.981859878983844
-2.5028861139196186e+64 -0.3059830429646572
1.7052793708958718e+68 0.7915789697774055
6.635618361830262e+69 0.9187158136905648
-4.2352755645043507e+71 -0.9995998803916283
-1.1815841854942727e+95 -0.9858978172882845
-1.1037401510098616e+78 0.8603871533892938
9.542178337980698e+94 0.8874337861634727
-8.075790778686358e+86 0.7112984124716337
-2.1903104534152147e+86 -0.4709938991170772
-1.7134330083941359e+80 0.9618998304612089
-3.2200487263500775e+109 0.9511680686725521
-1.8302216775704147e+102 -0.7977658648641783
3.6795542928694036e+99 -0.15683873458209302
-2.9130533889124296e+105 0.965676638304162
-7.27235720706451e+97 -0.1829640480938888
-2.2730338544246073e+100 -0.30360987518537647
-2.2026974834897943e+128 -0.06137870693352965
-3.3613372328291186e+118 -0.8579392914743058
-1.867020183521554e+124 0.9991749089321621
-5.825691833404333e+134 0.0435650657224743
1.3244400116737117e+118 0.5454621945295479
-3.800308863417474e+128 -0.07423672076608151
4.1540565633912337e+136 -0.04844395989786199
-2.9536361126972912e+138 -0.983773230478615
5.461404909020355e+149 -0.9383561268167502
1.1364296352450504e+145 0.4906638097504379
1.7914149284740896e+139 0.6784999829346042
8.241510123504102e+136 -0.9846898288815477
-1.2920873780415126e+171 0.9330230540942718
-1.3936355268065479e+162 -0.9957175938177596
2.2746528656363456e+155 -0.8804406110231348
2.1743654237120138e+159 -0.612450357350798
-2.63837080937411e+154 0.9979268067338517
2.1868208878993126e+171 0.26155255867923705
-5.970065774989262e+188 -0.9368727106231339
4.772949656672963e+191 -0.707074373389269
5.871190157065491e+180 -0.006827107130772764
-1.3080857811662836e+175 -0.9539081167695334
2.1456636756517634e+182 -0.8177229510387914
2.5583164505263474e+177 -0.8570210029795776
3.892301586999427e+197 -0.41290379534092503
-6.341163772451563e+207 -0.569126420193059
-1.4065738580541177e+200 0.3413069194928298
-2.2668479189856578e+195 0.7466987676223991
3.80835936713405e+202 0.12983163087137423
-6.559847688096083e+204 0.845964857258738
5.576888165121814e+214 -0.12690560616286112
1.0114315736824355e+220 0.9692776820256547
5.912273378658367e+223 0.7833528955930602
5.623806635507749e+226 -0.9625981241666499
9.442770879029023e+221 0.6758825428783931
1.0601017273778939e+221 -0.6221280262323561
7.070916775428981e+247 -0.7568531993684858
4.591551037975956e+234 0.9782467356929299
3.049547475795993e+248 -0.2613098291051738
8.074902593274469e+236 0.7810853905977689
2.4547041735504293e+231 -0.14867678298888917
-6.574077588706782e+237 -0.23680040631556915
1.902969499019867e+237 0.9928298461432219
-5.58320261488172e+263 0.6889416904823787
-1.462421118421257e+264 0.9988222503165104
-3.33093890895418e+258 0.8459230311557093
-3.770549576087143e+257 0.4094660015587066
2.4719329339297193e+260 0.8237283239050397
3.0970992496157294e+261 0.0694763561221675
2.037917374158864e+255 0.24792477062238766
4.0479607472471375e+276 0.8245720356189393
-4.221094089358212e+283 -0.8854373053905576
-6.766146107796313e+275 -0.9949344861009651
-3.7647482559767946e+279 -0.29321965766614466
1.4475430730654866e+277 -0.47492181159046415
5.802465330788456e+278 0.7560868716549523
-3.657719780225987e+276 -0.9954177942206204
-1.2283616328504006e+301 -0.9136040366142384
8.789095253401963e+300 0.3609964249088181
-2.4532488965027412e+303 -0.29707259135965014
-2.8061190924991175e+304 -0.44515819934059786
2.1796199951764735e+307 -0.9878785220972268
1.3155141387689336e+295 -0.5742564251139106
5.568255674156014e+297 0.46804392333819794
