x  y   expected x^y
2576420580684.3027 2.0 6.637943008573639e+24
5.399026632449716e-38 8.0 7.219776578433462e-299
5.5023705321073325e-164 -0.5 4.263095716512939e+81
1.4163772021267395e+36 -0.5 8.402538984640147e-19
392290656498357.1 0.125 66.71154450325206
2.6316576543892664e-23 2.0 6.925622009905616e-46
1.540444504877104e+177 -1.5 1.6539825147220923e-266
1.579823357792362e+155 0.5 3.9746991808089853e+77
-6.329862346124367e+214 -1.0 -1.5798131860043963e-215
6.598473579108561e-137 2.0 4.3539853574193746e-273
6.437475021356567e-197 0.125 2.99288096844579e-25
7.249921828525854e+16 -1.0 1.3793252170876616e-17
-4.256462512315789e+52 5.0 -1.3971533102323343e+263
1.8588249659782518e-69 2.0 3.455230254144049e-138
-3.359861289291014e-45 5.0 -4.281606394015279e-223
4.859031789558271e-70 -0.5 4.536544024503409e+34
3.438933405678605e-111 1.5 2.0166737660656864e-166
7.513508117971633e+47 4.0 3.18691910642717e+191
9.702210735629599e+40 -1.5 3.308978496208258e-62
-5.400963010663432e-78 3.0 -1.5754825919744066e-232
9.548620435080105e-40 2.0 9.117615221322937e-79
1.5747868827758719e+112 0.5 1.2549051289941689e+56
1.8094752294858028e+18 -1.5 4.108384069772858e-28
16069.504783207887 8.0 4.446516885903521e+33
5.532321393014281e-271 0.5 7.43795764508933e-136
1.558714115171891e-83 3.0 3.787035748299754e-249
3.7428425601100797e+74 -2.0 7.138334279078059e-150
2.8013884031845847e+18 8.0 3.7930329189272074e+147
1.411624653611336e+202 -0.5 8.41667160810501e-102
1.005209718246357e-148 0.25 1.00129989278255e-37
1.230077803245826e-145 1.5 4.3141860737909126e-218
2.0497156602333036e-119 0.5 4.527378557436194e-60
6.816944813078945e-197 -1.0 1.4669328084942197e+196
-1.0727163058414292e-05 3.0 -1.2343964001142554e-15
1.617312329334027e+47 1.5 6.504154455781177e+70
-1.0385064146213079e-36 5.0 -1.2079415416219744e-180
1.3515643936083587e+32 -1.0 7.398833564490668e-33
-1.2739753864924748e-58 -3.0 -4.8363407031005905e+173
5.148546053262595e-25 -1.5 2.70690551724443e+36
6.0149521758620765e-64 4.0 1.3089670508161434e-253
6.003759156317772e+91 -2.0 2.774300345877216e-184
5.684787476565738e-33 -1.5 2.333074730641906e+48
1.9427158867354585e+268 0.25 1.1805987604854561e+67
-4.4202872916615994e-92 3.0 -8.63677270289107e-275
1.426146693177341e+37 2.0 2.0338943904606652e+74
4.586661985103445e+68 2.0 2.1037468165593076e+137
-1.8081568633997238e+45 -3.0 -1.6915766722670451e-136
2576624.2473538015 8.0 1.9427133083352365e+51
2.4749156141839166e-97 1.5 1.2312339818360534e-145
6.566143363820332e+253 -0.5 1.234084278239058e-127
4.278432781012903e+147 -1.5 3.5733283939292924e-222
1.3644821936332495e+39 -3.0 3.936374251778393e-118
1.3026273241565375e-36 5.0 3.750601464649255e-180
2.105966608537599e+21 1.5 9.664451730955083e+31
-3.8029469578693895e-37 -3.0 -1.8181897109603195e+109
1.9190123228025117e+34 2.0 3.6826082950678914e+68
5.183819589686693e+66 -3.0 7.178775373832697e-201
-9.971086441931081e-178 -1.0 -1.0028997399869416e+177
1.11377816694494e+102 2.0 1.2405018051632306e+204
1.7888089756413032e+122 0.125 1912363718646165.5
2.857118449751961e-29 8.0 4.440439579879463e-229
1.166313227463342e+131 -2.0 7.35139227835583e-263
8300817.522098169 1.5 23915601057.349575
7.15401817810323e+81 0.5 8.458142927441715e+40
5.599519155353556e+105 -1.5 2.3865684663705874e-159
1.972344858540624e+280 0.25 1.185074663306346e+70
9.877341608202228e-05 1.5 9.816577761560144e-07
1.4631247271593603e-30 3.0 3.132160801717076e-90
6.010942151764211e+41 3.0 2.1718390885298027e+125
-6.789469246305894e-94 -1.0 -1.4728691797876448e+93
1.3870725392997128e-232 0.25 1.0852375030377887e-58
7.179493679698104e+21 0.125 539.5251910377742
0.00023025331954300564 4.0 2.810758938287396e-15
-1.1534716501542111e+39 3.0 -1.5346903944524288e+117
1.414356176564824e+39 2.0 2.0004033941870673e+78
1.1301088435795317e-14 4.0 1.6311019010673607e-56
-2.7568583890999805e+150 -1.0 -3.627317253413461e-151
3.4399311242429814e-147 -0.5 1.705002917564917e+73
1.1181294349556154e+67 0.5 3.3438442472035315e+33
5.165232630635215e-180 0.125 3.882721456846229e-23
2.318466778252237e+78 -2.0 1.8603653654405e-157
-9.498050965753186e-55 5.0 -7.729875128394389e-271
6.2069161452925124e+277 0.5 7.878398406587795e+138
1.8220041580101292e+306 0.25 3.673984679235777e+76
3.511899197411432e+36 8.0 2.3138560354678225e+292
4.515799596678788e-41 -1.5 3.2953231499577615e+60
3047065.5504058152 4.0 8.620395441278286e+25
-1.0901999765780357e+57 5.0 -1.5400358891852312e+285
9.163497875297906e-11 -2.0 1.1909058620723724e+20
1.6426459053495645e-25 8.0 5.300924803492761e-199
1.0189758860391255e-75 -0.5 3.1326945151741087e+37
3.098003059521829e+37 4.0 9.211436642102132e+149
2.0536844368134983e+21 2.0 4.217619766009976e+42
6544.696824373015 3.0 280329369003.9946
0.11161873881710538 8.0 2.4093333314738335e-08
1.5187532576565253e-12 8.0 2.830725648016091e-95
2.8726844239332268e+26 8.0 4.637707527179062e+211
6.649658206793185e+20 -2.0 2.261524795918508e-42
3.604720211104196e-239 0.25 2.4502922725102637e-60
-4.51544954661967e-52 5.0 -1.877175901468461e-257
1.563084360973177e+68 3.0 3.8189788540979964e+204
8.416082617042271e-58 -1.5 4.095764852664063e+85
1.1345841465972491e-89 -2.0 7.768310537752474e+177
1.2135595247370619e+48 3.0 1.78724153848791e+144
1.7506874244695014e-147 -1.5 1.3651710870991103e+220
2.1773438244689236e-144 1.5 3.2128505251464755e-216
2.2008063365317637e+117 2.0 4.843548530918362e+234
2.80679813010144e-272 0.5 1.675350151491156e-136
1.3149463120773928e-105 0.25 6.02180940102956e-27
4.4029844875005564e-54 0.125 2.1402691640089516e-07
297.1101009629069 5.0 2315192381322.548
-2.7470999453752542e-46 -3.0 -4.823659229325625e+136
1.582299347380845e-51 -2.0 3.994134653646856e+101
6.149304167945262e+39 2.0 3.7813941749908974e+79
3.2304299190382847e+68 4.0 1.0890336408708988e+274
1.5910512094296047e+62 1.5 2.0069023294334515e+93
4.471184358884421e+165 0.25 2.5858637875701597e+41
-8.735924137891108e-36 -1.0 -1.1446985850788358e+35
1.536378456073069e-169 0.5 3.91966638385599e-85
1.068290051032814e+32 4.0 1.3024370301727547e+128
4.8454838677597735e-227 -1.0 2.0637773797033253e+226
2.929850055751207e-52 -3.0 3.976159673680312e+154
-2.691362599220488e+66 -3.0 -5.129598353800224e-200
2.4464841835341018e-27 -1.5 8.263925273022825e+39
-6.369255161920474e+169 -1.0 -1.5700422962776663e-170
2.0116112128208912e-58 5.0 3.2939745445771875e-289
1.7990944719123966e-176 -0.5 7.455435468195719e+87
1.4132809620589186e+271 -0.5 2.6600251672630075e-136
1.4757545301735354e-139 0.125 4.427175777440126e-18
1.1854830056173261e+296 0.5 1.0887988820793886e+148
3.963464879629219e-48 -0.5 5.0229920740772104e+23
1.0779531384524988e-09 1.5 3.5391569447229616e-14
3.1505708114850704e+237 0.125 4.867418132546614e+29
2.6952073149787474e-10 8.0 2.784437111201002e-77
1.2734418845786001e+22 4.0 2.6297624527012123e+88
8.922200279886452e-72 -0.5 3.347834774268465e+35
5.088828706631136e+40 4.0 6.706120145721357e+162
238148.00868512483 -1.5 8.6045778524181e-09
-154829347592747.88 5.0 -8.897467677701634e+70
1.0702765804562163e-180 1.5 1.1072457796120459e-270
2.2435925909580965e-13 0.25 0.0006882338027756393
-4.198485004854218e+92 -1.0 -2.3818115316449072e-93
-1.0241724399166726e-12 5.0 -1.1268482246465338e-60
8.216340656458752e+91 0.125 308556574618.15405
0.006216435527902865 8.0 2.230136628306678e-18
4238062737992921.0 1.5 2.7589960088102998e+23
6.772735674588561e+51 -3.0 3.2189010085052294e-156
1.0237467325822436e+71 2.0 1.0480573724728197e+142
1.293830759391592e+167 0.25 5.997487727413397e+41
1.0291543560960225e+27 8.0 1.2584736681988755e+216
3.68222199525402e-153 1.5 2.2344207294942737e-229
12906608304417.904 -1.5 2.156660602885512e-20
4.975802465137639e+159 0.5 7.053936819349631e+79
2.2402638258197624e+305 0.125 1.4749842937259081e+38
3.7567881918135754e-111 2.0 1.4113457518149914e-221
1.6000758918121371e-260 0.25 1.1246959867379248e-65
3.9981993042246937e-109 2.0 1.5985597676302824e-217
4.388729718517451e-146 -0.5 4.77343026404189e+72
-4.160231476494582e+29 5.0 -1.2461992279247076e+148
-1.2325727506788072e+79 3.0 -1.8725683848150013e+237
-1.8133741030606892e-250 -1.0 -5.514581896323312e+249
6.64400703654466e-65 -0.5 1.2268316123719686e+32
6.962637691183859e-125 0.5 8.34424214125157e-63
1.775961313272973e-149 -2.0 3.1705382564498206e+297
1.0806205971734827e-24 4.0 1.363618751228849e-96
5.326126875746046e-279 0.125 1.643620080362442e-35
1.093925031255865e+235 0.5 3.307453750630332e+117
-1.3985714870410975e+237 -1.0 -7.150152918644585e-238
1.9995467419822024e+129 -2.0 2.501133530366233e-259
1.58039231098614e+102 -2.0 4.003779797747268e-205
2.2787000808604332e-36 3.0 1.1832091057000061e-107
7.950968749437609e+192 -1.5 4.4603601826442525e-290
1.8886885449420516e-73 3.0 6.737224803821389e-219
1.642142612479814e-25 -3.0 2.2582259168792385e+74
1.005734846132476e+86 -3.0 9.829909223564513e-259
1583.2247034336915 8.0 3.947666545361152e+25
1.81690426028145e-127 0.125 1.4368667842673306e-16
3.1783196745329043e-121 2.0 1.0101715953522946e-241
5.223825670849052e+186 1.5 1.1939414034224758e+280
1.627785712607301e-30 8.0 4.929216098587994e-239
2.5730881974809974e-100 1.5 4.127451788460858e-150
1.9798178138176745e+225 0.5 4.449514371049581e+112
6.128934279992382e-50 5.0 8.64818203313921e-247
4269097514570551.0 0.5 65338331.127834536
1.1791609929329848e-296 -0.5 9.209020673615345e+147
6.476384647104098e-62 -2.0 2.384156340960657e+122
1.4390239339131024e+111 0.5 3.793446894202029e+55
2213523.4538431037 8.0 5.763323850352839e+50
1.650889338975025e-49 -2.0 3.669138234266589e+97
1.0283996091029659e-47 4.0 1.1185299351309584e-188
5.995534985011127e-17 5.0 7.74710973337333e-82
3.473960101221851e-59 0.125 4.927233039838278e-08
2.6745321541057167e+174 0.25 4.0440075327109355e+43
4.780513337885461e-60 1.5 1.0452298437519765e-89
2.3409165016710444e-17 -1.5 8.829195136021738e+24
1.665463464710722e-18 2.0 2.7737685522862428e-36
1.489823649349254e+23 -1.5 1.738992480420177e-35
1910.670049902797 -3.0 1.4336492503639965e-10
8.74939413676784e+46 -0.5 3.380734064509771e-24
4.310193127774724e-39 5.0 1.487591371424693e-192
3.426047849862151e-18 4.0 1.3777603967990718e-70
1.2413014320922598e-144 0.125 1.027388398001322e-18
2.3597551948138982e-18 3.0 1.314016602339321e-53
4.8732522332967874e-58 3.0 1.1573285624031158e-172
3.799671223066624e-104 -2.0 6.926406253123963e+206
10592650351.957432 -0.5 9.716227644147664e-06
-2.6441025292953146e+64 3.0 -1.848565633309173e+193
2.2868403193851708e-116 0.25 1.2297277124697146e-29
5.1988798499197e+17 4.0 7.305317952892054e+70
2.5444935195909244e+29 2.0 6.47444727124021e+58
-1.9994893479899314e+295 -1.0 -5.001276956065263e-296
-2.1921510781952608e-23 -1.0 -4.561729389669954e+22
8.086949739272531e-114 -1.5 4.348333887442003e+169
-9.428171449816682e+80 -1.0 -1.0606510555336195e-81
1.820119522951348e+261 0.25 2.0654989427012881e+65
-6.144270408122679e-91 -3.0 -4.311109342876178e+270
-4.706645034336719e-73 -3.0 -9.591039115911925e+216
6.961066212285139e+278 -0.5 3.7901999159579002e-140
8.625902021865191e-10 4.0 5.536280469056487e-37
6.123342058910854e-122 -1.5 6.599594004651054e+181
-2.099636170296793e+250 -1.0 -4.762729915529343e-251
1.2642881897831535e+129 2.0 1.5984246268251633e+258
975108.9308710344 0.25 31.42413150202724
3.125000197074817e-53 2.0 9.765626231717645e-106
2.9670112239280604e+97 0.25 2.3338868514494496e+24
2.428428566731241e+53 0.25 22198893786378.81
8.912933852702313e+70 3.0 7.080469400786552e+212
8.579017422431134e-51 4.0 5.416892278551946e-201
2.456463632501696e+103 -1.5 8.213617828558162e-156
-7.9940218450484745e-28 -3.0 -1.9575100835027366e+81
2.6894651605552754e+29 -0.5 1.928266421584009e-15
5.864738330683096e+60 4.0 1.1830267347593531e+243
3.819793813418171e-59 2.0 1.459082477702773e-117
1.7411524747392003e-57 -1.5 1.3764004100120838e+85
4.38353059898554e-33 -2.0 5.204175275285273e+64
1.0323680180251213e+26 8.0 1.2902573322328601e+208
4.282406988208587e+27 5.0 1.4402560074189059e+138
1.6261138606458423e-22 -3.0 2.3256649356521622e+65
1.030645037454775e+64 0.5 1.0152068939160997e+32
1.5165741680835757e+54 -1.0 6.593808737120014e-55
5.7290429568665714e-30 3.0 1.8803826523950026e-88
1.0571510142545733e+231 -1.0 9.459386469066844e-232
1.0390191097664802e+101 0.125 4237190031711.1616
43676914.38624214 8.0 1.324389093866553e+61
1.0278427528713107e+89 1.5 3.295262507758972e+133
1.3209351120005709e+139 -0.5 2.7514350020665493e-70
-3.6858736201789215e-84 3.0 -5.0075041817900165e-251
4.930311218389479e-24 0.5 2.2204304128680727e-12
2.4812769881224662e-46 -3.0 6.54597370641348e+136
1.1711880983555214e-25 8.0 3.5400810345532964e-200
7.409703309408269e+225 0.125 1.712872758278552e+28
4.110706562021627e+237 0.125 5.031987568722634e+29
-36432724.892342955 5.0 -6.418865446289507e+37
4.2588291362880284e+42 5.0 1.4010417686279572e+213
4.621095512449236e-92 -2.0 4.6828485261539483e+182
2.4979529796253232e+35 1.5 1.2484650490338246e+53
3.339006570673431e+50 1.5 6.101349603750752e+75
4.420983063554384e+226 0.5 2.1026133889886616e+113
2.905072240864783e-72 -2.0 1.1849120796774767e+143
3.4987879523304786e-272 0.5 1.8705047319722234e-136
1.1691351878187833e+73 -1.0 8.553330790305497e-74
-8.937346471506538e+34 3.0 -7.13880934176961e+104
6.35780785186424e+87 -1.5 1.972599426205013e-132
3.206019038816975e+233 0.25 2.3795318613276466e+58
2.5730102202826655e-50 0.125 6.328564181899891e-07
7.057812354420302e-19 -3.0 2.8443934975169978e+54
1.7063500499404758e-136 -0.5 7.65536558170931e+67
1.9735228879264131e+198 0.25 3.7480945840055335e+49
1.981164100040661e-261 0.5 4.4510269601976813e-131
8.02501165636251e-288 0.25 1.6831058054095817e-72
1.4584711419403882e+85 0.125 44206611821.41857
2.4335555090633714e-99 -1.5 8.329867909682023e+147
6.03169877304282e+240 -0.5 4.071741306298493e-121
4.7464079659411543e-129 1.5 3.2699988228116167e-193
6.30098608679582e-08 -3.0 3.997370821545858e+21
1.1717368899104985e+57 -2.0 7.283494453694278e-115
-9.093626056916865e-39 5.0 -6.2184974000887e-191
1.5188427862889702e+46 4.0 5.3217110648512174e+184
-1.2564707512718594e-16 3.0 -1.983613932353805e-48
6.497614574966538e-12 -0.5 392304.2624519246
6.742806941643485e+16 8.0 4.272930233930005e+134
1.0690451504345924e+127 -2.0 8.749997007857538e-255
-4.951873281581808e+294 -1.0 -2.0194377827062727e-295
1.6022479058803206e-116 -1.5 4.930664255352276e+173
736777785.0060048 8.0 8.683447479501721e+70
1.3361209073101478e-08 5.0 4.258226898024993e-40
1.4997088987458516e+114 -2.0 4.44616999120605e-229
1.0994233100975585e-128 1.5 1.1527825956994018e-192
2.4836001717911934e+138 1.5 3.9140153254706446e+207
-5.573877058207917e+295 -1.0 -1.7940833455008328e-296
4.780424492299201e-91 -3.0 9.153782973211875e+270
-1.4687274830035728e-80 3.0 -3.1682807931174976e-240
4.727825897987079e+45 2.0 2.235233772167733e+91
9.147087332000467e-97 0.125 9.88918162414872e-13
1.0169595126737291e+19 8.0 1.1440086405025384e+152
2.936073913798585e+237 0.5 5.4185550784305825e+118
1.8637939434523174e-14 5.0 2.249000130446134e-69
1.023171691942915e-11 4.0 1.095958385964238e-44
1.81139871670729e-57 2.0 3.2811653108888175e-114
5.390370307591844e-68 4.0 8.44256485390538e-270
8.194251807055824e-28 2.0 6.714576267743764e-55
